61 23
60 77
94 29
65 89
31 3
45 28
81 9
100 94
80 22
82 16
66 90
23 4
38 20
36 36
23 33
87 14
14 79
17 9
37 22
95 89
73 37
96 49
16 3
67 79
74 99
72 51
8 16
20 64
89 12
86 14
77 41
33 75
64 22
23 21
86 33
63 94
32 85
7 48
65 85
9 95
44 80
20 91
54 82
81 18
44 74
45 40
24 100
89 9
37 45
25 11
41 35
23 9
73 91
26 14
61 88
77 29
17 28
9 25
48 70
82 92
91 63
57 38
79 85
17 81
42 70
75 75
99 47
12 86
30 99
16 11
68 20
77 3
13 65
12 10
89 92
24 99
84 69
71 25
17 95
51 49
38 91
70 57
16 20
83 95
81 4
24 25
67 34
27 94
40 79
92 34
46 96
62 1
63 53
77 85
26 84
100 89
65 21
30 18
69 95
74 32
60 55
48 14
78 6
91 79
33 9
65 44
33 37
5 68
41 37
87 60
78 67
33 5
3 69
53 16
44 32
38 45
38 46
25 46
47 43
6 25
95 44
75 42
58 42
31 60
60 78
18 6
81 29
60 66
75 36
64 44
50 5
79 76
91 31
24 98
38 68
51 81
4 47
1 25
89 18
68 8
92 46
2 59
75 42
14 18
6 22
97 73
71 21
65 36
72 46
91 23
78 65
41 1
41 30
89 76
34 96
30 41
80 14
81 51
74 1
74 77
71 37
69 70
52 61
13 96
21 26
54 3
47 83
60 28
16 96
20 51
63 52
72 69
79 65
41 99
43 44
20 36
32 43
84 47
78 42
88 18
46 79
57 43
90 26
74 86
80 59
78 76
26 99
81 67
61 19
89 94
64 38
4 85
64 59
1 95
38 75
8 2
67 61
14 99
76 73
5 99
71 47
93 80
70 49
99 12
95 59
41 77
36 95
82 65
2 16
23 27
70 98
28 55
69 59
44 40
57 36
61 92
79 27
38 69
86 9
77 50
66 48
53 78
59 74
43 75
23 8
30 39
1 83
65 13
37 21
62 15
53 42
61 51
30 8
69 19
24 9
34 11
22 73
37 84
27 2
92 22
46 92
17 60
88 95
41 71
43 69
37 24
6 21
11 33
50 53
1 98
33 23
44 18
79 37
59 34
27 24
8 62
50 19
51 78
25 90
32 60
59 77
58 42
9 36
22 42
44 42
85 67
78 11
61 4
11 4
67 97
64 98
54 27
11 70
86 56
76 38
42 64
97 11
29 26
59 88
92 55
87 56
20 51
52 23
33 12
13 68
41 85
27 6
14 16
37 37
41 30
87 46
98 79
17 51
89 9
51 76
54 84
64 65
91 32
8 51
93 43
23 60
27 56
14 13
7 42
43 90
92 36
80 27
46 60
41 16
22 56
68 69
26 89
75 72
62 84
63 18
46 78
75 77
29 24
34 74
22 32
70 85
3 70
47 16
83 48
38 34
96 30
66 36
25 81
18 34
27 55
69 13
61 70
100 48
93 77
61 60
89 9
38 71
94 30
3 9
10 29
89 99
74 6
57 72
52 59
92 92
90 11
6 26
83 99
100 71
90 70
62 5
25 88
30 16
15 61
11 50
26 43
17 96
18 11
80 76
58 49
66 39
29 42
56 8
76 83
8 40
12 74
89 32
35 61
90 59
60 80
72 3
68 10
91 48
83 21
92 64
16 5
18 80
57 21
14 64
56 67
92 98
96 86
82 71
55 61
30 99
75 73
96 60
44 20
38 32
95 97
28 39
4 12
67 34
23 86
14 76
52 35
91 22
46 13
72 81
88 95
90 49
21 74
77 2
13 34
39 17
38 25
96 28
48 96
23 44
65 70
87 81
15 77
1 9
66 5
77 15
29 9
67 31
9 31
58 16
36 5
52 25
45 26
52 79
17 5
71 28
19 30
30 49
4 13
71 48
97 46
20 54
8 97
44 61
46 30
24 26
29 27
21 62
57 9
82 4
23 72
8 45
56 16
28 11
16 64
82 35
77 74
2 48
10 84
13 67
71 31
44 69
85 96
39 24
92 29
43 51
74 47
52 13
2 100
62 27
58 42
90 5
12 74
74 90
99 1
21 76
81 92
91 81
86 97
74 1
29 19
64 10
87 99
19 86
31 26
49 48
30 89
10 62
59 75
50 76
17 43
45 16
95 80
59 25
13 57
28 3
37 26
64 78
25 36
19 22
86 22
15 32
41 5
46 26
89 100
50 43
26 38
21 98
92 29
3 52
65 2
44 95
15 2
38 4
71 21
76 83
54 68
77 1
75 84
53 34
2 80
82 52
54 50
60 83
47 44
50 51
70 22
72 98
80 27
36 92
89 24
67 64
92 56
42 25
7 100
44 82
16 74
85 82
29 54
24 58
49 9
31 12
18 81
40 44
60 49
54 84
57 91
16 58
55 84
92 17
42 81
19 15
98 84
62 70
76 4
44 29
79 97
10 25
86 57
24 48
11 33
39 38
79 19
20 40
9 47
46 49
85 58
36 37
56 88
8 73
46 82
18 99
16 92
91 80
3 27
23 66
96 25
52 58
97 46
38 42
36 48
26 7
42 82
31 72
42 69
38 35
98 40
80 8
74 12
26 10
42 97
9 69
87 74
10 14
83 69
85 56
39 1
92 25
70 76
27 22
74 25
60 89
25 44
83 55
16 20
64 25
36 89
67 38
17 58
93 86
7 62
99 99
5 11
14 28
21 19
33 74
95 71
10 61
6 68
39 55
45 23
63 29
39 28
8 38
62 68
37 49
28 79
24 78
44 80
27 28
42 28
55 16
69 85
13 76
47 95
68 95
100 82
4 15
13 63
77 13
95 42
32 17
43 16
98 3
97 4
80 85
100 78
97 14
43 5
93 67
38 59
52 66
75 72
21 4
36 70
3 12
29 49
10 86
96 25
50 59
65 44
32 69
67 92
18 80
97 51
70 54
62 94
15 82
41 88
86 93
32 20
44 94
58 10
55 68
66 49
13 57
95 36
87 39
33 11
63 74
6 77
51 9
51 62
46 4
90 24
3 63
5 69
81 33
6 55
40 80
14 27
80 39
50 44
39 92
83 28
80 79
71 15
78 74
88 26
88 10
49 28
82 71
75 27
38 92
21 60
34 34
12 68
70 88
22 14
41 60
29 45
82 56
39 60
48 99
51 85
30 48
37 8
32 62
10 48
41 13
3 6
1 95
59 91
85 2
100 88
10 96
73 85
44 70
84 56
19 75
65 74
50 22
92 97
81 43
94 3
88 57
83 3
88 18
79 3
68 66
32 30
79 62
29 10
93 13
95 76
92 89
22 61
81 17
40 6
5 97
52 62
30 89
82 13
7 41
74 17
44 64
78 25
66 42
98 92
64 25
60 71
71 57
71 35
44 13
5 73
69 97
45 50
54 48
48 91
62 91
6 41
75 88
26 64
91 95
85 56
45 39
48 53
1 18
4 99
14 72
20 99
5 100
12 79
1 99
19 16
91 20
32 50
38 6
48 14
66 92
47 33
43 30
91 4
43 52
77 84
97 50
56 42
12 71
69 8
58 64
87 56
70 56
71 27
1 90
60 96
5 91
21 16
7 63
95 31
26 65
35 11
49 45
28 35
62 83
70 96
85 34
2 79
19 21
86 32
13 80
2 89
22 27
90 29
12 33
18 10
65 90
25 41
22 17
84 39
92 43
50 44
57 12
38 55
87 68
75 29
14 51
54 15
70 76
16 87
19 17
90 97
4 71
97 81
99 95
16 96
41 2
43 80
57 62
52 58
67 38
85 8
92 70
96 89
44 96
92 55
96 98
62 6
85 59
93 10
38 7
82 2
28 38
10 19
39 69
59 16
95 91
32 45
67 26
81 94
90 2
94 14
26 43
9 92
52 59
39 57
38 65
27 43
10 79
85 44
90 88
20 57
69 47
62 21
21 13
57 29
86 20
54 89
30 63
52 80
51 100
66 40
69 35
28 81
76 48
13 90
14 45
42 75
46 39
58 17
65 47
70 87
6 93
61 81
49 90
39 75
74 94
19 60
31 14
11 23
93 19
44 85
82 91
87 69
4 98
43 4
95 88
98 33
83 74
56 47
85 32
46 75
56 95
4 54
64 85
76 69
69 81
11 100
47 86
18 62
57 55
95 17
60 64
70 44
42 10
78 55
83 28
34 61
43 78
51 65
28 39
61 96
82 65
15 77
73 44
62 96
39 93
86 17
12 2
48 6
35 7
42 8
18 90
43 8
41 26
71 40
12 32
62 47
69 57
34 28
51 88
24 69
61 79
1 69
19 31
88 30
9 67
91 36
23 81
97 77
35 80
82 87
9 74
9 71
47 29
72 78
31 46
43 21
82 56
89 4
3 100
97 40
27 3
51 49
73 67
96 30
6 89
65 69
94 41
32 51
24 49
94 29
51 50
44 50
73 16
72 24
12 67
98 22
67 63
71 67
10 23
8 24
7 21
76 1
26 95
85 12
54 94
83 32
20 93
29 83
74 86
28 91
Success
